  
8                                                                         8                                                                                        8
8                                                                         8                                        88888888888                                    8
8                                                                         8          FFF                                                                         8
8                                                                         8                                                                                     8
8                          F                                              8888888888888888888888888888888888888                                                8
8                                                   F  F  F               8                                                                                   8
88888888888888888888888888888888888888888888888888888888888888888888      8                                                                                  8
8                                                                         8                                                                                 8
8                                                                         8              O                                                                 8
8                                                                         8                                                                                8888888888888888888888888888888888888888888888888888888888888888888888888888888888888888888888888888888888888888888888888888888888888888888888888888888888888888888888888 
8                                                         F     F         8                                                                                                                                                                                                                                                                                              8
8                8888888888888888888888888888888888888888888888888888888888                                         88888888888                                                                                                                                                                                                                                          8
8         8888888                                                                                    888888888888888                                                                                                                                                                                                                                                     8
8                      FF                                                                    88888888                                                                                 8                   8                 8               8                                                                                                                            8
8                     888888                                                                                                                         88888888888888888888888888888888888888888888888888888888888888888888888888888888888888888888888888888888888888888888888888                                                                                                                           8
8   88888888888                                         888888    888888                                                                           8                                                                                                                          8                                   O                                                      8
8                                              8888     822228    822228                                              AAAAA                       8                                                                                                                           8                                                                                          8
8                 88888888888                  8118     888888    888888                 88888888888                                             8                                                                                                                            8                       O                                                                  8
8                                         FF   8118                                     8                                                       8                                                                                                                             8                                                   8888888888888888           O O         8
8                                   888888888888111                                    8                                                       8                                                                                                                              8                                                                                          8
8                                   811111111111118                                    8                                                      8                                                                                                                               8                                                                                          8
8                                   811111111111118                                   8                                                      8                                                                                                                                8                                                                                          8 
8                                   8888888888888888888888888888888888888888888888888888888888888888888888888888888888888888888888888888888888                                                                                                                                88888888888888888888888888888888888888888888888888888888888888888888888888888888888888888888
6666666666666666666666666666666666666